[app/ui]
version = 6.2.2
modtime = 1429565245.896547000

[app/launcher]
version = 6.2.2
modtime = 1429565245.902454000

[views/globe]
owner = admin
version = 6.2.2
modtime = 1429567060.393150000
