[views/viz_parallelset]
version = 6.2.2
modtime = 1430117649.797806000

[views/tutorial]
version = 6.2.2
modtime = 1430347308.073595000

[views/viz_bubblechart]
version = 6.2.2
modtime = 1430298387.949626000
