[views/viz_parallelset]
version = 6.2.2
modtime = 1430117649.797806000

[views/tutorial]
version = 6.2.2
modtime = 1430269634.971468000
